[gd_scene load_steps=2 format=2]

[ext_resource path="res://assets/meshes/baddie01.glb" type="PackedScene" id=1]

[node name="baddie01" instance=ExtResource( 1 )]

[node name="Skeleton" parent="Attack" index="1"]
bones/1/bound_children = [ NodePath("BoneAttachment5") ]
bones/3/bound_children = [ NodePath("BoneAttachment4") ]
bones/5/bound_children = [ NodePath("BoneAttachment") ]
bones/10/bound_children = [ NodePath("BoneAttachment2") ]
bones/18/bound_children = [ NodePath("BoneAttachment3") ]

[node name="BoneAttachment" parent="Attack/Skeleton" index="0"]
transform = Transform( 0.996466, -0.0839846, 0.00146517, 0.0194075, 0.247171, 0.968778, -0.0817244, -0.965325, 0.247927, -186.571, -432.603, -65.0174 )

[node name="BoneAttachment2" parent="Attack/Skeleton" index="1"]
transform = Transform( 0.292667, 0.0573374, -0.954493, -0.701286, 0.691446, -0.173492, 0.650033, 0.720148, 0.242574, -102.718, -344.54, 25.4505 )

[node name="BoneAttachment3" parent="Attack/Skeleton" index="2"]
transform = Transform( -0.32878, -0.734811, 0.59326, 0.104461, 0.596033, 0.796136, -0.938611, 0.323726, -0.119204, -301.676, -476.274, 19.3824 )

[node name="BoneAttachment4" parent="Attack/Skeleton" index="3"]
transform = Transform( 0.836094, 0.0561795, -0.545701, 0.548168, -0.0467729, 0.835059, 0.0213892, -0.997324, -0.0699024, -185.422, -436.787, -8.35959 )

[node name="BoneAttachment5" parent="Attack/Skeleton" index="4"]
transform = Transform( 0.681189, 0.0356937, -0.731237, 0.731767, -0.0636554, 0.678576, -0.0223263, -0.997334, -0.0694808, -185.937, -435.839, 56.7687 )
